###########################
This txt file is used to record ILP results of all instances.
###########################
---------------------------------------------------------
A1.dat runs

CPLEX 12.7.0.0: optimal integer solution; objective 0
0 MIP simplex iterations
0 branch-and-bound nodes
No basis.
T = 10

x [*] :=
 1  1
 2  1
 3  0
 4  0
 5  0
 6  0
 7  1
 8  0
 9  0
10  0
;

---------------------------------------------------------
A2.dat runs

CPLEX 12.7.0.0: optimal integer solution; objective 0
0 MIP simplex iterations
0 branch-and-bound nodes
No basis.
T = 20

x [*] :=
 1  0
 2  1
 3  1
 4  1
 5  1
 6  1
 7  0
 8  0
 9  0
10  0
11  0
12  0
13  0
14  0
15  0
16  0
17  0
18  0
19  0
20  0
;

---------------------------------------------------------
A3.dat runs

CPLEX 12.7.0.0: optimal integer solution; objective 0
0 MIP simplex iterations
0 branch-and-bound nodes
No basis.
T = 30

x [*] :=
 1 1    4 0    7 0   10 0   13 0   16 0   19 0   22 0   25 0   28 0
 2 0    5 0    8 0   11 0   14 0   17 0   20 0   23 0   26 0   29 1
 3 0    6 0    9 0   12 0   15 0   18 0   21 0   24 0   27 0   30 0
;

---------------------------------------------------------
A4.dat runs

CPLEX 12.7.0.0: optimal integer solution; objective 0
0 MIP simplex iterations
0 branch-and-bound nodes
No basis.
T = 40

x [*] :=
 1 1    5 0    9 0   13 0   17 0   21 0   25 0   29 0   33 0   37 0
 2 0    6 0   10 0   14 0   18 0   22 0   26 0   30 0   34 0   38 0
 3 0    7 0   11 0   15 0   19 0   23 0   27 0   31 0   35 0   39 1
 4 0    8 0   12 0   16 0   20 0   24 0   28 0   32 0   36 0   40 0
;

---------------------------------------------------------
A5.dat runs

CPLEX 12.7.0.0: optimal integer solution; objective 0
0 MIP simplex iterations
0 branch-and-bound nodes
No basis.
T = 50

x [*] :=
 1 1    6 0   11 0   16 0   21 0   26 0   31 0   36 0   41 0   46 0
 2 0    7 0   12 0   17 0   22 0   27 0   32 0   37 0   42 0   47 0
 3 0    8 0   13 0   18 0   23 0   28 0   33 0   38 0   43 0   48 0
 4 0    9 0   14 0   19 0   24 0   29 0   34 0   39 0   44 0   49 1
 5 0   10 0   15 0   20 0   25 0   30 0   35 0   40 0   45 0   50 0
;

---------------------------------------------------------
A6.dat runs

CPLEX 12.7.0.0: optimal integer solution; objective 0
0 MIP simplex iterations
0 branch-and-bound nodes
No basis.
T = 60

x [*] :=
 1 1    7 0   13 0   19 0   25 0   31 0   37 0   43 0   49 0   55 0
 2 0    8 0   14 0   20 0   26 0   32 0   38 0   44 0   50 0   56 0
 3 0    9 0   15 0   21 0   27 0   33 0   39 0   45 0   51 0   57 0
 4 0   10 0   16 0   22 0   28 0   34 0   40 0   46 0   52 0   58 0
 5 0   11 0   17 0   23 0   29 0   35 0   41 0   47 0   53 0   59 1
 6 0   12 0   18 0   24 0   30 0   36 0   42 0   48 0   54 0   60 0
;

---------------------------------------------------------
A7.dat runs

CPLEX 12.7.0.0: optimal integer solution; objective 0
0 MIP simplex iterations
0 branch-and-bound nodes
No basis.
T = 70

x [*] :=
 1 1    8 0   15 0   22 0   29 0   36 0   43 0   50 0   57 0   64 0
 2 0    9 0   16 0   23 0   30 0   37 0   44 0   51 0   58 0   65 0
 3 0   10 0   17 0   24 0   31 0   38 0   45 0   52 0   59 0   66 0
 4 0   11 0   18 0   25 0   32 0   39 0   46 0   53 0   60 0   67 0
 5 0   12 0   19 0   26 0   33 0   40 0   47 0   54 0   61 0   68 0
 6 0   13 0   20 0   27 0   34 0   41 0   48 0   55 0   62 0   69 1
 7 0   14 0   21 0   28 0   35 0   42 0   49 0   56 0   63 0   70 0
;

---------------------------------------------------------
A8.dat runs

CPLEX 12.7.0.0: optimal integer solution; objective 0
0 MIP simplex iterations
0 branch-and-bound nodes
No basis.
T = 80

x [*] :=
 1 1    9 0   17 0   25 0   33 0   41 0   49 0   57 0   65 0   73 0
 2 0   10 0   18 0   26 0   34 0   42 0   50 0   58 0   66 0   74 0
 3 0   11 0   19 0   27 0   35 0   43 0   51 0   59 0   67 0   75 0
 4 0   12 0   20 0   28 0   36 0   44 0   52 0   60 0   68 0   76 0
 5 0   13 0   21 0   29 0   37 0   45 0   53 0   61 0   69 0   77 0
 6 0   14 0   22 0   30 0   38 0   46 0   54 0   62 0   70 0   78 0
 7 0   15 0   23 0   31 0   39 0   47 0   55 0   63 0   71 0   79 1
 8 0   16 0   24 0   32 0   40 0   48 0   56 0   64 0   72 0   80 0
;

---------------------------------------------------------
A9.dat runs

CPLEX 12.7.0.0: optimal integer solution; objective 0
0 MIP simplex iterations
0 branch-and-bound nodes
No basis.
T = 90

x [*] :=
 1 1   10 0   19 0   28 0   37 0   46 0   55 0   64 0   73 0   82 0
 2 0   11 0   20 0   29 0   38 0   47 0   56 0   65 0   74 0   83 0
 3 0   12 0   21 0   30 0   39 0   48 0   57 0   66 0   75 0   84 0
 4 0   13 0   22 0   31 0   40 0   49 0   58 0   67 0   76 0   85 0
 5 0   14 0   23 0   32 0   41 0   50 0   59 0   68 0   77 0   86 0
 6 0   15 0   24 0   33 0   42 0   51 0   60 0   69 0   78 0   87 0
 7 0   16 0   25 0   34 0   43 0   52 0   61 0   70 0   79 0   88 0
 8 0   17 0   26 0   35 0   44 0   53 0   62 0   71 0   80 0   89 1
 9 0   18 0   27 0   36 0   45 0   54 0   63 0   72 0   81 0   90 0
;

---------------------------------------------------------
A10.dat runs

CPLEX 12.7.0.0: optimal integer solution; objective 0
0 MIP simplex iterations
0 branch-and-bound nodes
No basis.
T = 100

x [*] :=
  1 1    11 0    21 0    31 0    41 0    51 0    61 0    71 0    81 0    91 0
  2 0    12 0    22 0    32 0    42 0    52 0    62 0    72 0    82 0    92 0
  3 0    13 0    23 0    33 0    43 0    53 0    63 0    73 0    83 0    93 0
  4 0    14 0    24 0    34 0    44 0    54 0    64 0    74 0    84 0    94 0
  5 0    15 0    25 0    35 0    45 0    55 0    65 0    75 0    85 0    95 0
  6 0    16 0    26 0    36 0    46 0    56 0    66 0    76 0    86 0    96 0
  7 0    17 0    27 0    37 0    47 0    57 0    67 0    77 0    87 0    97 0
  8 0    18 0    28 0    38 0    48 0    58 0    68 0    78 0    88 0    98 0
  9 0    19 0    29 0    39 0    49 0    59 0    69 0    79 0    89 0    99 1
 10 0    20 0    30 0    40 0    50 0    60 0    70 0    80 0    90 0   100 0
;

---------------------------------------------------------
A11.dat runs

CPLEX 12.7.0.0: optimal integer solution; objective 212
0 MIP simplex iterations
0 branch-and-bound nodes
No basis.
T = 1000

x [*] :=
107  1
119  1
466  0
562  1
;

---------------------------------------------------------
A12.dat runs

CPLEX 12.7.0.0: optimal integer solution; objective 9
7 MIP simplex iterations
0 branch-and-bound nodes
No basis.
T = 2000

x [*] :=
 93  1
244  0
320  1
331  0
376  1
378  1
813  0
824  1
;

---------------------------------------------------------
A13.dat runs

CPLEX 12.7.0.0: optimal integer solution; objective 0
9 MIP simplex iterations
0 branch-and-bound nodes
No basis.
T = 3000

x [*] :=
 13  0
 78  0
245  0
310  1
342  1
460  0
466  1
478  0
495  1
637  1
750  1
885  0
;

---------------------------------------------------------
A14.dat runs

CPLEX 12.7.0.0: optimal integer solution; objective 0
0 MIP simplex iterations
0 branch-and-bound nodes
No basis.
T = 4000

x [*] :=
142  1
199  1
228  0
258  1
285  1
341  0
365  1
448  1
523  1
645  0
669  0
723  0
811  1
914  0
951  0
969  1
;

---------------------------------------------------------
A15.dat runs

CPLEX 12.7.0.0: optimal integer solution; objective 0
936 MIP simplex iterations
968 branch-and-bound nodes
No basis.
T = 5000

x [*] :=
 40  0
 51  0
 73  1
 93  1
100  1
231  0
335  1
349  1
430  1
463  0
696  0
783  0
789  1
804  0
818  0
929  1
931  1
956  0
966  0
971  1
;

---------------------------------------------------------
A16.dat runs

CPLEX 12.7.0.0: optimal integer solution; objective 0
1071 MIP simplex iterations
1230 branch-and-bound nodes
No basis.
T = 6000

x [*] :=
 30 1   297 0   367 1   434 1   556 0   772 0   817 0   957 1
270 1   341 1   390 1   445 1   558 0   774 0   845 0   969 0
295 1   346 1   432 0   486 1   650 1   804 0   907 0   989 1
;

---------------------------------------------------------
A17.dat runs

CPLEX 12.7.0.0: optimal integer solution; objective 0
0 MIP simplex iterations
0 branch-and-bound nodes
No basis.
T = 7000

x [*] :=
  9 1    94 0   206 0   369 0   401 1   489 1   663 0   763 0   821 1   968 1
 19 0   125 0   216 0   377 0   461 1   508 1   718 0   800 0   870 1
 28 1   151 1   251 0   387 1   470 1   634 1   762 0   803 1   944 0
;

---------------------------------------------------------
A18.dat runs

CPLEX 12.7.0.0: optimal integer solution; objective 0
1212 MIP simplex iterations
1221 branch-and-bound nodes
No basis.
T = 8000

x [*] :=
 83 1   220 1   288 0   351 0   434 1   580 0   662 0   945 0
 93 1   246 1   322 1   365 0   490 0   584 1   691 0   960 1
 95 1   259 1   331 1   376 1   525 1   594 0   790 1   978 0
168 1   279 0   350 1   404 0   539 1   637 1   821 0   988 1
;

---------------------------------------------------------
A19.dat runs

CPLEX 12.7.0.0: optimal integer solution; objective 0
9 MIP simplex iterations
0 branch-and-bound nodes
No basis.
T = 9000

x [*] :=
  5 1   147 1   243 0   333 1   474 0   539 1   614 0   712 0   866 1
 18 1   171 0   282 0   374 1   483 1   555 1   661 1   786 1   919 1
 66 1   227 1   318 1   379 1   503 0   573 1   682 0   797 0   943 0
124 1   231 0   321 0   415 1   529 1   582 0   683 1   823 0   952 0
;

---------------------------------------------------------
A20.dat runs

CPLEX 12.7.0.0: optimal integer solution; objective 0
8 MIP simplex iterations
0 branch-and-bound nodes
No basis.
T = 10000

x [*] :=
  4 0   130 0   293 1   362 1   456 0   530 1   673 0   705 1   832 1   899 1
 50 0   270 0   308 0   392 1   461 0   602 0   680 1   721 1   842 1   925 0
 74 0   274 1   324 0   404 0   485 0   612 0   694 0   734 1   867 0   966 1
107 0   292 1   355 1   407 0   487 1   636 1   700 0   741 0   874 0   994 0
;

---------------------------------------------------------
A21.dat runs

CPLEX 12.7.0.0: optimal integer solution; objective 0
9 MIP simplex iterations
0 branch-and-bound nodes
No basis.
T = 11000

x [*] :=
 14 0   129 0   204 1   394 1   569 1   636 1   744 1   863 1   912 0
 16 0   142 0   228 0   432 1   579 0   649 1   751 0   871 0   937 1
 94 1   162 1   247 0   458 0   581 1   662 0   772 0   875 1   951 0
101 0   167 1   256 0   494 1   593 0   673 0   800 0   902 0   967 1
126 1   183 0   344 1   522 0   635 0   731 0   859 1   903 1
;

---------------------------------------------------------
A22.dat runs

CPLEX 12.7.0.0: optimal integer solution; objective 0
2 MIP simplex iterations
0 branch-and-bound nodes
No basis.
T = 12000

x [*] :=
 13 1   208 0   252 1   303 1   374 0   501 0   638 0   740 0   772 1   838 0
 86 1   226 0   281 1   305 0   395 1   514 1   661 1   741 1   780 1   855 0
 95 1   228 1   287 0   318 1   419 1   561 0   702 1   744 1   786 0   946 0
117 0   230 0   289 1   327 1   476 1   601 0   709 1   750 1   801 0
148 1   240 1   302 1   353 1   496 1   606 1   714 0   763 0   804 0
;

---------------------------------------------------------
A23.dat runs

CPLEX 12.7.0.0: optimal integer solution; objective 0
17 MIP simplex iterations
0 branch-and-bound nodes
No basis.
T = 13000

x [*] :=
 16 1   151 1   241 1   327 1   443 1   545 0   641 0   787 1   902 0
 27 1   165 1   276 0   353 1   467 1   573 0   652 0   788 0   908 1
 32 1   180 1   299 1   390 1   502 1   600 0   686 1   790 0   939 1
 69 1   191 1   309 0   405 1   511 1   612 0   699 1   861 0   993 0
139 0   225 1   314 1   427 1   513 0   614 0   701 1   862 1
150 1   231 1   316 0   429 1   539 0   639 0   736 0   873 1
;

---------------------------------------------------------
A24.dat runs

CPLEX 12.7.0.0: optimal integer solution; objective 0
6 MIP simplex iterations
0 branch-and-bound nodes
No basis.
T = 14000

x [*] :=
  1 1    93 0   154 0   239 0   447 1   534 0   618 1   708 1   836 1   943 1
  9 1   115 1   158 0   367 0   462 0   540 0   628 1   747 1   851 0   972 1
 16 0   127 0   181 0   375 1   491 1   571 1   646 0   755 0   854 1
 67 0   140 1   200 0   388 1   493 0   580 0   656 1   771 0   861 1
 70 0   144 0   212 1   425 0   515 0   604 0   676 0   805 1   907 0
 76 0   147 1   213 1   441 1   528 1   615 1   679 1   813 0   923 0
;

---------------------------------------------------------
A25.dat runs

CPLEX 12.7.0.0: optimal integer solution; objective 0
0 MIP simplex iterations
0 branch-and-bound nodes
No basis.
T = 15000

x [*] :=
 11 1    79 0   136 1   214 1   311 1   364 1   514 0   569 1   677 0   766 1
 18 0    83 1   139 1   239 0   332 1   413 1   522 1   583 1   678 1   787 1
 47 0    89 1   163 1   253 0   335 1   453 1   523 0   589 1   729 0   819 0
 50 0   107 0   164 0   255 0   358 1   460 1   535 0   607 1   734 0   830 1
 57 1   121 0   167 1   280 0   361 1   503 0   539 1   637 1   743 1   891 0
 61 0   125 1   196 0   283 1   362 1   506 1   552 0   670 1   758 1   962 0
;

---------------------------------------------------------
A26.dat runs

CPLEX 12.7.0.0: optimal integer solution; objective 0
0 MIP simplex iterations
0 branch-and-bound nodes
No basis.
T = 16000

x [*] :=
  1 1   206 0   283 0   379 1   470 0   530 0   708 0   762 0   814 1   952 0
  8 1   255 0   288 1   391 1   482 1   534 0   710 0   780 1   818 0
 22 1   257 0   291 1   392 0   491 1   567 1   712 0   794 1   869 1
 34 1   263 0   296 1   402 1   504 1   580 1   737 1   804 0   885 1
 42 1   267 1   327 1   416 1   510 0   653 0   746 1   806 0   914 1
109 1   268 0   348 0   444 1   514 0   657 1   756 0   807 0   942 0
151 1   282 1   351 1   469 1   523 1   687 1   760 0   812 0   948 0
;

---------------------------------------------------------
A27.dat runs

CPLEX 12.7.0.0: optimal integer solution; objective 0
15 MIP simplex iterations
0 branch-and-bound nodes
No basis.
T = 17000

x [*] :=
 15 1    97 1   178 1   258 0   367 1   441 0   557 1   789 0   859 1   909 0
 40 1   100 1   184 0   260 0   369 0   477 1   566 0   799 0   862 1   946 1
 45 1   115 0   185 0   265 1   370 1   491 1   571 1   800 1   869 1   970 1
 48 1   152 0   203 1   270 1   384 0   495 0   716 1   819 0   877 1   991 0
 69 1   153 0   214 1   274 1   393 0   500 1   750 0   822 0   900 0   998 0
 77 1   154 0   222 1   293 1   418 0   510 1   754 0   825 0   906 0
 78 1   156 1   245 1   308 1   419 0   539 1   762 1   853 1   907 1
;

---------------------------------------------------------
A28.dat runs

CPLEX 12.7.0.0: optimal integer solution; objective 0
19 MIP simplex iterations
0 branch-and-bound nodes
No basis.
T = 18000

x [*] :=
 16 1   193 0   318 0   444 1   524 0   563 1   718 1   784 1   902 0
 60 1   204 1   320 0   472 0   525 1   582 1   726 0   810 1   921 1
 66 0   226 0   369 1   476 1   526 0   591 0   730 0   826 0   941 0
 81 1   227 0   376 1   482 1   534 0   595 0   731 1   850 0   946 1
105 0   232 1   407 1   487 0   538 0   627 0   736 0   853 1   955 0
138 1   245 1   417 1   489 0   545 1   629 0   738 0   872 1   970 0
174 1   260 1   435 0   514 1   550 0   680 1   754 1   892 1   976 1
178 1   292 0   442 0   523 0   555 0   691 0   775 1   894 0   980 0
;

---------------------------------------------------------
A29.dat runs

CPLEX 12.7.0.0: optimal integer solution; objective 0
63 MIP simplex iterations
24 branch-and-bound nodes
No basis.
T = 19000

x [*] :=
  5 1    86 1   181 1   366 0   472 1   532 1   657 1   755 1   800 1   953 1
 13 1    88 1   186 1   367 1   476 0   546 0   698 1   761 0   812 1   981 1
 18 1   101 1   200 1   379 1   485 0   551 0   706 0   776 0   834 1   989 0
 57 1   112 1   246 1   387 1   499 1   552 1   710 0   777 0   852 1   997 0
 58 1   145 1   260 1   424 0   500 1   586 0   716 1   779 0   859 1
 60 1   149 1   263 1   442 1   503 0   589 0   750 0   785 0   876 0
 61 0   152 1   283 1   455 1   505 1   594 1   751 0   790 0   884 0
 76 1   177 1   345 1   469 0   522 1   616 1   754 0   791 0   921 0
;

---------------------------------------------------------
A30.dat runs

CPLEX 12.7.0.0: optimal integer solution; objective 0
0 MIP simplex iterations
0 branch-and-bound nodes
No basis.
T = 20000

x [*] :=
  2 0   133 1   247 0   355 0   490 0   593 1   667 1   759 0   855 0   892 1
 12 1   142 1   248 1   369 1   504 1   600 0   692 0   816 0   856 1   926 0
 29 0   155 0   271 0   382 1   514 1   606 0   725 1   819 0   861 1   945 0
 38 1   165 0   273 1   397 1   524 0   609 0   729 1   830 0   868 1   963 1
 47 0   172 1   298 1   451 1   527 0   614 1   732 1   831 0   870 0   965 1
 60 1   198 0   319 1   454 0   536 1   617 1   752 1   832 1   877 1   975 0
 73 0   226 1   343 1   473 0   576 0   626 0   757 0   844 0   880 0   977 0
 79 1   235 0   350 1   476 0   585 0   666 0   758 1   853 1   881 0   996 0
;

---------------------------------------------------------
A31.dat runs

CPLEX 12.7.0.0: optimal integer solution; objective 0
0 MIP simplex iterations
0 branch-and-bound nodes
No basis.
T = 21000

x [*] :=
 23 1   176 0   273 1   402 1   496 0   592 0   689 0   771 1   882 0   955 0
 68 1   177 1   279 1   403 1   498 1   613 0   691 0   775 0   883 1   956 0
 88 1   181 1   280 0   419 1   501 0   619 0   708 1   817 1   894 1   971 1
106 1   208 0   281 0   430 1   509 1   633 1   712 0   845 0   912 1
116 1   209 0   301 0   438 1   546 0   654 0   714 0   849 0   926 1
118 1   224 0   314 1   462 1   547 1   656 0   717 0   853 1   928 0
121 1   225 0   341 1   476 0   560 0   660 0   744 1   869 0   934 0
148 1   237 1   370 1   478 0   561 1   675 1   746 1   873 0   950 0
164 0   245 1   398 1   487 1   587 0   678 0   756 1   879 0   952 1
;

---------------------------------------------------------
A32.dat runs

CPLEX 12.7.0.0: optimal integer solution; objective 0
21 MIP simplex iterations
0 branch-and-bound nodes
No basis.
T = 22000

x [*] :=
  5 0   132 1   233 1   293 1   391 0   465 0   565 0   687 1   804 0   896 1
  9 1   141 1   235 1   296 1   404 1   498 1   567 0   696 0   805 1   898 0
 25 1   160 1   237 1   306 1   411 0   504 1   576 1   700 1   808 0   916 1
 27 1   174 1   239 1   318 1   415 0   514 1   589 1   726 0   824 0   955 0
 31 1   187 1   253 1   319 1   426 0   527 0   600 1   728 0   828 0   956 0
 48 1   190 1   269 1   351 1   434 1   529 0   604 1   729 0   844 1   962 0
105 1   215 0   273 1   365 1   439 1   531 1   615 1   779 1   858 1   966 0
117 0   216 0   276 0   369 0   443 0   536 0   624 1   783 0   868 1
123 0   221 1   278 0   372 1   450 1   562 0   656 1   800 1   895 0
;

---------------------------------------------------------
A33.dat runs

CPLEX 12.7.0.0: optimal integer solution; objective 0
13 MIP simplex iterations
0 branch-and-bound nodes
No basis.
T = 23000

x [*] :=
   8 1     80 1    245 1    313 0    412 0    520 0    662 0    807 1    980 1
  13 1     86 1    248 1    323 1    415 0    523 1    665 0    819 0    982 0
  18 1     95 1    250 1    364 1    443 1    524 0    670 1    846 1    999 0
  26 1     96 1    268 1    371 0    445 0    560 1    683 1    852 1   1000 1
  29 1    110 1    271 0    374 1    450 0    562 0    698 0    859 0
  34 0    136 1    272 1    376 0    457 1    572 1    708 1    882 0
  35 1    161 1    280 0    379 0    461 0    582 0    717 1    891 1
  53 1    168 0    281 1    381 0    467 1    595 1    743 1    909 0
  56 1    169 1    292 0    382 0    474 0    606 0    756 1    924 1
  57 1    208 0    309 1    408 0    493 1    610 1    796 0    946 0
  78 1    227 1    312 1    409 0    503 1    640 1    803 1    978 1
;

---------------------------------------------------------
A34.dat runs

CPLEX 12.7.0.0: optimal integer solution; objective 0
6 MIP simplex iterations
0 branch-and-bound nodes
No basis.
T = 24000

x [*] :=
  3 1   147 1   221 0   364 1   422 1   524 1   640 1   743 1   855 0   931 1
 32 0   156 1   259 1   366 1   432 1   531 1   664 1   754 1   857 1   939 0
 43 1   168 1   286 1   367 0   442 0   551 1   667 0   763 1   868 1   946 1
 55 1   171 0   288 0   370 1   445 0   569 1   671 0   775 0   871 0   955 1
 67 1   172 0   291 0   371 0   460 1   577 0   682 1   779 0   873 0   989 0
 74 0   174 1   295 1   374 1   462 0   578 1   691 0   782 0   877 0   997 0
107 0   189 1   322 1   378 1   473 0   581 0   694 0   798 0   892 0
108 0   196 1   341 1   386 0   484 1   589 0   698 0   804 0   899 0
122 1   211 1   345 1   388 0   487 1   604 1   705 1   825 1   915 0
140 1   220 0   363 1   407 1   516 1   628 1   740 1   850 0   920 0
;

---------------------------------------------------------
A35.dat runs

CPLEX 12.7.0.0: optimal integer solution; objective 0
0 MIP simplex iterations
0 branch-and-bound nodes
No basis.
T = 25000

x [*] :=
  5 0    96 0   168 1   268 1   339 1   470 0   592 1   671 1   737 1   893 0
  9 0    97 1   172 0   277 1   352 1   474 0   615 0   682 1   740 0   919 1
 13 1   103 1   182 0   295 0   363 1   491 0   616 1   689 1   744 0   923 1
 14 1   112 1   193 1   298 1   376 1   501 1   621 0   695 0   763 1   924 0
 15 1   113 0   203 1   301 0   442 1   504 0   625 0   696 0   776 1   943 1
 40 0   116 0   213 1   303 1   447 1   512 1   628 1   698 0   782 1   954 1
 41 0   118 0   219 1   309 1   450 0   534 1   633 1   709 0   810 0   958 0
 63 0   130 1   230 0   317 0   455 1   540 0   634 1   723 1   846 0   962 0
 65 0   148 1   234 1   331 0   459 1   553 1   636 1   725 1   856 0   986 0
 74 0   158 1   236 0   335 1   460 1   576 0   639 1   732 1   891 0   992 0
;

---------------------------------------------------------
A36.dat runs

CPLEX 12.7.0.0: optimal integer solution; objective 18656
0 MIP simplex iterations
0 branch-and-bound nodes
No basis.
T = 1e+06

x [*] :=
162426  1
325764  1
493154  1
924205  0
;

---------------------------------------------------------
A37.dat runs

CPLEX 12.7.0.0: optimal integer solution; objective 16660
4 MIP simplex iterations
0 branch-and-bound nodes
No basis.
T = 2e+06

x [*] :=
 71322  1
106227  0
230805  1
236330  1
256885  0
532039  1
571225  0
912844  1
;

---------------------------------------------------------
A38.dat runs

CPLEX 12.7.0.0: optimal integer solution; objective 1189
287 MIP simplex iterations
439 branch-and-bound nodes
No basis.
T = 3e+06

x [*] :=
208547  1
376365  0
431189  0
458940  1
615986  0
648426  0
663201  1
706834  1
736824  0
857975  0
889580  0
961289  1
;

---------------------------------------------------------
A39.dat runs

CPLEX 12.7.0.0: optimal integer solution; objective 64
1264 MIP simplex iterations
1923 branch-and-bound nodes
No basis.
T = 4e+06

x [*] :=
 46722  1
125826  1
141454  1
238321  1
274625  0
321493  1
332136  1
360665  0
409570  0
471648  1
597820  1
623214  0
751305  1
865641  0
957470  0
973211  1
;

---------------------------------------------------------
A40.dat runs

CPLEX 12.7.0.0: optimal integer solution; objective 2
10870 MIP simplex iterations
17404 branch-and-bound nodes
No basis.
T = 5e+06

x [*] :=
 15445  1
 72958  0
110693  0
207387  0
222474  1
241857  1
243872  1
323961  0
396238  0
406397  1
521437  0
532285  0
549606  0
605847  1
644128  1
699102  0
783195  1
822281  0
845100  1
991683  1
;

---------------------------------------------------------
A41.dat runs

CPLEX 12.7.0.0: optimal integer solution; objective 0
17793 MIP simplex iterations
26620 branch-and-bound nodes
No basis.
T = 6e+06

x [*] :=
 44580 0   171630 1   207334 1   367790 1   577543 1   834612 0
 56823 1   174787 0   207939 1   415668 1   586806 1   909527 0
 91572 1   175502 1   214671 1   446170 1   671368 0   927931 0
154445 1   197771 0   214764 1   455431 1   671382 1   984530 1
;

---------------------------------------------------------
A42.dat runs

CPLEX 12.7.0.0: optimal integer solution; objective 0
46010 MIP simplex iterations
47729 branch-and-bound nodes
No basis.
T = 7e+06

x [*] :=
 28506 0   133061 0   385639 0   532472 0   687356 0   736933 0   877090 1
 69287 0   216637 0   388946 1   572453 0   695467 1   769363 1   940446 1
 91665 1   268944 1   401709 0   602377 0   699936 0   790508 1   969603 1
 92116 1   278423 0   432928 1   682924 1   704227 0   869032 0   990205 0
;

---------------------------------------------------------
A43.dat runs

CPLEX 12.7.0.0: optimal (non-)integer solution; objective 0
131334 MIP simplex iterations
96223 branch-and-bound nodes
No basis.
1 integer variables rounded (maxerr = 2.05512e-06).
Assigning integrality = 1e-06 might help.
Currently integrality = 1e-05.
T = 8e+06

x [*] :=
 79727 0   183401 0   271984 1   404844 1   617262 0   891129 1   960531 1
 87090 0   186431 1   273377 1   415888 1   634218 0   905224 0   994021 1
 88131 1   238386 1   300660 0   482864 1   641121 1   909970 0
109234 1   261460 1   344441 0   486589 0   729128 0   941528 0
169447 1   269838 1   393112 1   515555 0   870254 0   948201 1
;

---------------------------------------------------------
A44.dat runs

CPLEX 12.7.0.0: optimal integer solution; objective 0
7787 MIP simplex iterations
9191 branch-and-bound nodes
No basis.
T = 9e+06

x [*] :=
 22155 1   105527 0   243047 0   384425 0   535882 1   837842 1
 38809 0   136806 0   252917 1   413797 1   551290 1   852629 0
 44060 1   157780 1   265586 1   416708 1   551738 1   857816 1
 73944 1   189079 0   309095 0   424331 0   702996 0   893785 1
 87000 0   200071 1   338454 0   438652 1   706697 1   929662 0
 87025 1   240574 1   356741 0   514006 1   744485 0   937675 1
;

---------------------------------------------------------
A45.dat runs

CPLEX 12.7.0.0: optimal integer solution; objective 0
39322 MIP simplex iterations
33435 branch-and-bound nodes
No basis.
T = 1e+07

x [*] :=
 74536 0   269807 1   353550 0   488806 0   536369 0   830414 1   879422 1
100838 1   272681 0   395334 1   494610 0   564101 1   830417 1   892051 0
150458 0   275780 1   409000 1   496448 0   698913 1   838389 0   907986 0
166333 1   281546 0   411276 1   499878 1   729204 1   857032 0   976905 0
183767 1   337684 1   423702 1   500011 0   765166 0   866391 1
241576 0   349280 1   468805 0   519769 0   778459 1   869360 0
;

---------------------------------------------------------
A46.dat runs

CPLEX 12.7.0.0: optimal integer solution; objective 0
37600 MIP simplex iterations
35544 branch-and-bound nodes
No basis.
T = 1.1e+07

x [*] :=
 67773 1   294596 1   396713 1   536549 0   708480 0   790964 0   968438 1
103361 0   318077 0   424443 1   568399 1   727369 0   814984 0   983394 0
126686 1   344663 1   447343 0   569632 1   730278 0   831594 1
230891 0   349269 0   494296 1   606912 1   739920 0   842081 0
249186 0   353608 1   511229 0   607660 1   744696 1   908613 0
269265 1   367310 1   524718 0   611706 1   771402 0   909931 1
277118 1   376066 1   536163 0   697519 0   788495 1   950271 0
;

---------------------------------------------------------
A47.dat runs

CPLEX 12.7.0.0: optimal integer solution; objective 0
15148 MIP simplex iterations
17610 branch-and-bound nodes
No basis.
T = 1.2e+07

x [*] :=
  7406 1   197802 0   469545 1   552028 1   631083 0   743646 0   888065 1
 61800 0   198522 0   471352 0   588852 1   681836 1   770111 1   939166 0
 91049 1   222557 1   501139 1   589860 0   683045 0   804740 0   963915 0
152467 1   306228 1   521057 1   609396 0   686234 1   815661 0   972012 1
161278 1   314002 0   523727 1   614951 0   691896 0   825101 1   975598 0
162771 0   362665 1   539396 0   619158 0   697112 0   863430 0   979154 0
164530 1   431902 1   548747 1   621806 0   698019 1   873445 1
;

---------------------------------------------------------
A48.dat runs

CPLEX 12.7.0.0: optimal integer solution; objective 0
17425 MIP simplex iterations
19569 branch-and-bound nodes
No basis.
T = 1.3e+07

x [*] :=
  2057 0   228790 1   395107 0   528502 0   665316 0   777439 1   908810 1
  6167 0   230485 1   420687 0   532130 1   681899 0   807325 0   910642 0
 39042 0   279194 1   426707 0   564436 0   695703 1   815551 0   926465 0
 61309 1   350479 0   434717 1   573998 0   696503 1   823220 1   992898 0
114113 0   360809 1   440870 0   590463 1   707102 1   835034 0
180490 1   369982 1   447628 1   594963 1   765089 1   875974 0
190646 1   378111 1   473863 1   607575 1   772258 0   887471 0
193779 0   381865 1   510806 1   661701 0   772308 1   900018 0
;

---------------------------------------------------------
A49.dat runs

CPLEX 12.7.0.0: optimal integer solution; objective 0
20246 MIP simplex iterations
20326 branch-and-bound nodes
No basis.
T = 1.4e+07

x [*] :=
  4393 1   106941 0   245042 0   409966 0   626013 0   750154 1   880393 0
  4648 1   108652 1   272670 0   441730 1   637324 1   776631 1   886935 0
 14728 0   125644 0   304651 0   459632 0   658715 0   797309 1   891245 0
 21854 0   163334 0   315423 1   481742 0   663324 0   821434 1   925192 1
 38217 0   178998 1   315535 1   494820 0   703104 1   851922 0   929745 1
 46178 1   181167 1   320723 1   516508 0   720208 0   856180 1   946098 1
 74937 1   192881 1   336730 0   578396 0   724276 1   866420 1   961231 0
104867 1   202588 0   374203 1   624081 0   732050 1   869748 1   994940 0
;

---------------------------------------------------------
A50.dat runs

CPLEX 12.7.0.0: optimal integer solution; objective 0
35073 MIP simplex iterations
34214 branch-and-bound nodes
No basis.
T = 1.5e+07

x [*] :=
 25180 1   128001 1   250800 1   351699 0   555836 1   796762 1   927249 0
 34596 1   142372 1   252175 1   363307 0   560670 1   819219 0   929223 1
 40761 1   163892 0   260277 1   405987 0   569801 0   820978 1   936720 1
 61219 0   178461 1   301797 1   408260 1   585372 0   830789 0   967275 0
 74014 1   190779 0   310203 1   430073 0   593594 0   832903 0   969247 1
 77175 0   200593 1   310665 1   504610 0   597966 0   851484 0   969690 1
104494 0   220653 1   312578 1   504773 0   634133 0   855267 1
114576 0   220741 1   320227 1   527403 0   741566 1   874413 1
126277 1   246035 1   344411 1   535050 1   745501 1   881166 0
;

---------------------------------------------------------
A51.dat runs

CPLEX 12.7.0.0: optimal integer solution; objective 0
63854 MIP simplex iterations
49242 branch-and-bound nodes
No basis.
T = 1.6e+07

x [*] :=
 11486 0   176462 1   319674 1   503291 1   601303 1   771516 0   986348 1
 26885 1   182222 0   344087 0   534070 0   607945 1   777661 1   987941 0
 48833 1   196788 1   344814 1   534518 0   642968 1   794164 0   990350 1
 54200 1   201885 0   369776 1   537381 1   650264 0   817481 0   990451 0
 82334 1   224539 0   393311 0   543998 0   667826 1   826415 0
143521 1   240205 1   393615 0   562415 0   696057 1   843060 0
144612 1   242352 1   402597 1   570012 0   717137 1   870924 0
156538 0   245246 0   428175 1   580549 0   722672 0   889731 0
159554 1   262317 1   428928 1   581781 1   724169 1   943320 1
165541 1   289247 0   448642 1   600155 1   736098 1   947956 0
;

---------------------------------------------------------
A52.dat runs

CPLEX 12.7.0.0: optimal integer solution; objective 0
15125 MIP simplex iterations
14956 branch-and-bound nodes
No basis.
T = 1.7e+07

x [*] :=
  7125 0   124224 0   306605 1   404149 1   474576 1   624478 0   835870 0
 36957 1   130049 0   324412 1   422568 1   485639 1   632626 1   836511 1
 42092 0   136401 0   339072 0   424431 1   503328 0   637023 1   844037 1
 66380 1   160470 1   347849 1   431325 1   519839 1   661892 0   858974 1
 77244 1   175281 1   352016 0   438347 1   538672 0   672329 1   863831 1
 78923 1   204260 1   366011 0   444053 1   565000 1   712682 0   867333 0
 81397 1   204317 1   366906 0   445030 1   585240 1   755181 0   929794 1
 89577 1   288285 1   378944 1   445760 0   590360 0   801577 0   967635 0
 92527 1   293111 1   383390 1   455501 0   598607 0   809978 0
102003 1   296598 1   398788 0   472976 1   623172 1   812486 0
;

---------------------------------------------------------
A53.dat runs

CPLEX 12.7.0.0: optimal (non-)integer solution; objective 0
4944 MIP simplex iterations
4594 branch-and-bound nodes
No basis.
1 integer variables rounded (maxerr = 9.72432e-06).
Assigning integrality = 5e-06 might help.
Currently integrality = 1e-05.
T = 1.8e+07

x [*] :=
  3285 1   227009 0   355446 1   521678 0   600954 0   720476 1   951159 1
  4248 1   245405 1   358779 1   523651 0   601729 0   729129 0   953451 1
 12834 1   254636 0   367029 1   525131 1   602057 1   732388 0   971383 0
 87449 0   272797 0   405886 0   529227 1   605619 1   758990 0   978869 1
 94028 1   278869 0   417706 0   557893 0   616283 1   816057 1   993480 0
102835 0   294770 1   430054 0   559585 0   642587 1   829936 0   998835 1
115941 0   296616 1   454304 1   587425 0   658694 0   836372 0
120237 1   314920 1   476662 1   588822 1   672663 1   850718 0
201087 0   326411 1   489456 1   595119 1   684769 0   875547 1
211871 0   342892 0   509959 0   595271 0   689899 1   875856 0
212717 0   345174 0   514915 1   600430 0   690126 0   908853 1
;

---------------------------------------------------------
A54.dat runs

CPLEX 12.7.0.0: optimal integer solution; objective 0
14261 MIP simplex iterations
13862 branch-and-bound nodes
No basis.
T = 1.9e+07

x [*] :=
  1784 1   118807 1   275502 0   451636 1   590670 1   770516 0   896175 0
  6302 1   159427 0   300185 0   466852 1   595144 0   778368 1   905616 0
 12606 1   178983 1   315908 0   489224 1   612483 1   822530 0   911249 1
 18555 0   184796 1   316415 0   497686 1   626005 1   826406 0   927808 1
 18800 0   188078 0   370126 1   540628 0   630847 0   826819 1   983970 1
 41156 1   193033 0   419490 1   549988 1   637197 1   840301 0   984198 1
 41337 1   208251 1   431278 0   551294 1   642913 1   847486 0   990142 0
 96624 1   228210 0   435574 1   555721 0   689894 0   853750 0   994577 1
101978 1   233713 1   437071 1   578744 0   699364 0   855065 0   995217 0
111941 0   237328 1   440632 1   582166 0   699878 1   869950 1   996979 0
118140 0   265501 0   447622 1   585786 0   714068 0   893055 1
;

---------------------------------------------------------
A55.dat runs

CPLEX 12.7.0.0: optimal integer solution; objective 0
76057 MIP simplex iterations
43925 branch-and-bound nodes
No basis.
T = 2e+07

x [*] :=
   273 0   151224 1   272304 0   515143 1   646033 1   760260 1   880290 0
  3040 1   173339 0   301793 1   520276 1   654370 0   779597 0   883994 1
 21771 1   175245 1   322321 1   531433 0   656310 0   783910 0   887771 0
 26547 1   209678 1   344977 0   534648 0   659930 0   783983 1   910109 0
 61910 0   211916 0   371416 0   553251 0   663934 0   784165 1   939591 1
 87669 1   212222 0   408887 0   571677 1   676600 1   790258 1   971384 0
 91177 1   214991 1   418014 1   575527 0   678010 0   812425 1   980120 0
 94256 0   220498 0   429749 1   587976 1   683095 0   836787 1   996516 0
102937 1   234458 1   456173 1   593911 0   684630 0   848114 1
107008 0   237355 1   482118 1   601589 1   701551 0   858020 0
118434 0   257969 1   500314 1   624732 1   721794 1   860167 1
120575 1   270148 0   513193 1   633659 0   727901 0   876125 1
;

---------------------------------------------------------
A56.dat runs

CPLEX 12.7.0.0: optimal integer solution; objective 0
19051 MIP simplex iterations
18743 branch-and-bound nodes
No basis.
T = 2.1e+07

x [*] :=
 24199 1   212702 0   385128 1   514885 0   627497 1   730756 1   821644 0
 24385 1   217698 1   387112 0   516594 0   630110 1   732931 0   845781 0
 53582 0   238077 0   389676 1   568003 1   639768 0   733612 1   847911 1
 61417 0   258115 0   413386 0   573030 0   674008 0   741150 1   848509 0
 61701 0   311306 0   419731 1   581036 1   676898 0   746725 1   849311 0
 66215 1   322175 1   438183 1   585521 1   681178 1   752419 0   857862 1
 84616 0   334033 1   459444 1   599209 0   682257 0   752846 1   865867 0
107025 1   344509 1   468737 1   604656 1   684139 1   769348 0   890059 1
109453 0   349408 0   473656 0   610751 0   686584 0   769566 0   891975 1
153555 0   354718 1   479131 0   615943 0   688920 0   770034 0   918128 0
157500 1   372719 1   499774 0   621713 0   693462 1   795469 1   937985 0
166085 0   383283 0   509048 0   623630 0   699792 1   808752 1   961414 1
;

---------------------------------------------------------
A57.dat runs

CPLEX 12.7.0.0: optimal integer solution; objective 0
18529 MIP simplex iterations
19068 branch-and-bound nodes
No basis.
T = 2.2e+07

x [*] :=
  6578 1   169376 1   344497 0   460561 1   621120 0   762558 1   929440 1
 13955 1   169499 1   349768 0   465298 1   627221 1   763686 0   930082 0
 15586 0   178130 1   355925 1   473656 0   630486 0   796486 1   951472 0
 97232 0   183175 1   359770 1   489368 1   635985 1   820407 0   952193 0
119343 1   196665 0   362845 0   490280 1   644383 1   849366 1   958932 0
125924 1   241989 0   367404 1   514552 0   657956 1   857674 0   966930 0
126339 1   259362 0   384754 0   555202 0   667611 0   869993 1   967451 0
128602 0   270161 0   402018 1   564690 0   697391 0   874693 1   975347 1
134480 0   283976 0   403998 1   570701 0   723949 1   889654 1   978784 0
136953 1   288075 1   405050 1   591943 1   724208 0   903184 0   993074 0
147899 1   328259 1   416960 1   598299 1   740055 1   912734 0
159580 0   330491 0   431813 0   609464 0   740232 0   914681 0
163662 1   335985 1   437035 1   616146 1   747313 1   922394 1
;

---------------------------------------------------------
A58.dat runs

CPLEX 12.7.0.0: optimal integer solution; objective 0
79130 MIP simplex iterations
52551 branch-and-bound nodes
No basis.
T = 2.3e+07

x [*] :=
  2955 1   191648 0   285965 1   401705 0   512475 0   725757 1   898444 1
 71666 0   225885 0   288649 1   402365 1   552037 1   744417 1   926202 0
 72760 0   226734 0   303064 1   407049 1   566297 1   744599 0   950230 1
 72895 1   227616 0   306574 1   410820 1   578696 0   748944 0   961693 0
 89661 1   228538 1   316440 0   445993 0   588215 0   757175 0   968296 1
 96524 0   234118 0   333223 0   448351 0   590005 1   776039 1   977847 0
104315 1   253079 1   334588 0   464234 1   592617 1   790541 0   996234 1
107114 1   255464 1   342032 1   471089 0   608923 0   819315 0   997233 1
110508 1   255592 1   345918 0   488259 0   643509 0   843343 1
124770 1   259509 0   348077 0   491212 0   652382 1   845647 1
124875 0   265883 0   349426 0   497568 1   688191 0   886251 1
144342 0   267062 1   360216 1   498763 1   700470 1   888504 1
155828 1   276856 1   383168 1   508698 0   718065 1   893070 0
184970 1   277920 1   389738 1   509584 0   722212 0   895596 0
;

---------------------------------------------------------
A59.dat runs

CPLEX 12.7.0.0: optimal (non-)integer solution; objective 0
44545 MIP simplex iterations
42294 branch-and-bound nodes
No basis.
1 integer variables rounded (maxerr = 9.17768e-06).
Assigning integrality = 5e-06 might help.
Currently integrality = 1e-05.
T = 2.4e+07

x [*] :=
 22847 0   204378 1   351879 0   524436 1   687974 0   819527 0   922009 0
 37125 1   218776 1   382860 1   534967 0   690515 1   835430 0   928439 1
 51864 1   219117 0   393116 0   539608 1   703000 1   840770 0   930288 0
 62688 1   245543 1   396266 1   541936 0   707882 0   857241 0   937379 1
 88224 1   275455 0   414588 1   542597 1   722321 0   865033 1   937991 0
 91801 1   277159 1   418962 1   546645 1   742618 0   866331 0   946035 0
108960 0   290661 0   424199 1   555285 1   753151 1   871682 1   948924 0
117023 1   292399 1   440440 0   567829 0   760439 1   876959 1   958628 0
141154 1   307506 0   449409 1   571537 0   765880 0   878256 0   985750 0
164018 1   309161 1   452154 1   576518 0   767097 0   886194 0   991797 0
172851 1   316389 0   459801 1   598204 1   785900 1   900258 0   995889 0
188175 1   316426 1   475382 1   603233 1   793477 0   901148 0   998212 0
195649 1   333864 1   499982 1   623076 1   795758 0   903234 0
202485 1   349005 1   520130 1   623258 1   804885 1   912774 1
;

---------------------------------------------------------
A60.dat runs

CPLEX 12.7.0.0: optimal integer solution; objective 0
12507 MIP simplex iterations
12047 branch-and-bound nodes
No basis.
T = 2.5e+07

x [*] :=
  1403 0   102933 0   325368 1   523681 1   667677 1   753050 1   875977 0
  5073 0   120262 1   351901 1   529400 0   673746 1   756386 1   884215 0
 22979 1   138130 0   352305 0   532571 1   673818 1   757343 0   888632 0
 24350 0   155862 1   370950 1   554144 0   681962 1   771142 0   891798 1
 26384 1   156853 0   374487 0   554580 1   684156 1   773797 1   897632 1
 27207 0   186629 1   378518 1   560439 1   689938 0   775507 1   919989 0
 27893 0   226484 1   395748 1   573788 0   714052 1   780847 0   921894 0
 41437 1   227651 1   408810 0   576877 0   732998 1   782693 1   937887 0
 53432 1   251834 1   421369 1   584425 0   733631 1   805789 0   987013 0
 64904 1   252065 1   440424 0   599082 0   734848 0   805940 0   999354 0
 84617 1   264762 0   444085 1   614064 1   735829 0   813738 0
 89214 1   276918 1   457537 0   614514 1   743854 0   816920 1
 92281 1   281879 1   459235 0   618389 0   744389 0   829005 1
 94468 1   305741 1   467082 0   655662 1   745802 1   835611 0
 99142 1   308940 1   477383 0   655874 1   752923 1   844443 0
;

---------------------------------------------------------
A61.dat runs

CPLEX 12.7.0.0: optimal integer solution; objective 38388010
0 MIP simplex iterations
0 branch-and-bound nodes
No basis.
T = 1e+09

x [*] :=
 93297461  0
242230640  0
402939207  0
961611990  1
;

---------------------------------------------------------
A62.dat runs

CPLEX 12.7.0.0: optimal integer solution; objective 24696486
11 MIP simplex iterations
0 branch-and-bound nodes
No basis.
T = 2e+09

x [*] :=
 68699389  1
126346115  0
178141528  0
258666152  0
388332305  1
402053874  1
443216019  1
673001927  1
;

---------------------------------------------------------
A63.dat runs

CPLEX 12.7.0.0: optimal integer solution; objective 270359
124 MIP simplex iterations
149 branch-and-bound nodes
No basis.
T = 3e+09

x [*] :=
 81669906  0
118534580  0
218165041  0
244833119  1
563614721  1
564110610  1
601825916  0
626938460  0
662591314  1
876672827  0
964579877  1
965765985  0
;

---------------------------------------------------------
A64.dat runs

CPLEX 12.7.0.0: optimal integer solution; objective 6923
1561 MIP simplex iterations
2150 branch-and-bound nodes
No basis.
T = 4e+09

x [*] :=
 88850265  1
110304221  0
119524237  0
136168797  1
157823316  0
182112149  1
325625222  0
477726631  1
526295564  0
530258115  1
611642081  1
680332334  0
788681021  0
983833508  1
989401531  1
991836176  0
;

---------------------------------------------------------
A65.dat runs

CPLEX 12.7.0.0: optimal integer solution; objective 92
8917 MIP simplex iterations
13079 branch-and-bound nodes
No basis.
T = 5e+09

x [*] :=
 42388782  1
 47550375  1
 66087913  0
 70882545  1
 73443044  0
188324208  1
196303088  1
218256707  1
257788116  0
272518047  1
498161520  0
512462770  0
583640105  0
585852569  1
596125019  0
708639889  1
757530971  0
869242378  1
894016037  1
906025283  1
;

---------------------------------------------------------
A66.dat runs

CPLEX 12.7.0.0: optimal (non-)integer solution; objective 0
27848 MIP simplex iterations
48110 branch-and-bound nodes
No basis.
1 integer variables rounded (maxerr = 9.24905e-07).
Assigning integrality = 5e-07 might help.
Currently integrality = 1e-05.
T = 6e+09

x [*] :=
 14744565 0   436431317 0   551200486 0   680198792 0   848470803 0
 58237069 1   448803995 1   569299864 1   688213199 0   926396568 1
212235379 1   505325432 1   587087199 1   728342954 0   976191330 0
236686976 1   510554469 1   616938622 0   755382130 1   992525743 0
305399849 0   510662493 1   679327883 1   826969986 0
;

---------------------------------------------------------
A67.dat runs

CPLEX 12.7.0.0: optimal (non-)integer solution; objective 0
78453 MIP simplex iterations
82298 branch-and-bound nodes
No basis.
1 integer variables rounded (maxerr = 2.25289e-07).
Assigning integrality = 1e-07 might help.
Currently integrality = 1e-05.
T = 7e+09

x [*] :=
136004910 1   344539794 0   469537379 1   794533983 0   927639974 0
200853711 0   350670659 1   556933911 0   832172262 0   930726296 0
215613538 1   372859068 1   564570543 0   893170146 0   946429594 1
268212652 0   384238055 0   625836886 1   898244415 1   981744014 1
280346525 1   388337075 1   708449382 0   904950680 0
310494054 0   414883596 1   716795758 0   919492162 1
;

---------------------------------------------------------
A68.dat runs

CPLEX 12.7.0.0: optimal (non-)integer solution; objective 0
61993 MIP simplex iterations
50407 branch-and-bound nodes
No basis.
1 integer variables rounded (maxerr = 5.16794e-06).
Assigning integrality = 3e-06 might help.
Currently integrality = 1e-05.
T = 8e+09

x [*] :=
 29113634 1   303649566 1   507473930 0   672782319 1   809552047 0
131206302 1   315930722 0   517169607 0   701426563 1   816727051 1
181591000 0   324389363 0   546935452 1   722554680 0   823958876 1
214935465 0   434777106 1   599300919 0   733681700 0   964449523 1
256038598 0   444829941 0   602823308 0   737391631 0
282647051 0   450095460 1   608753730 1   753393869 1
288356758 0   453738311 0   618790778 0   762733695 1
;

---------------------------------------------------------
A69.dat runs

CPLEX 12.7.0.0: optimal (non-)integer solution; objective 0
49784 MIP simplex iterations
51901 branch-and-bound nodes
No basis.
1 integer variables rounded (maxerr = 1.75108e-06).
Assigning integrality = 9e-07 might help.
Currently integrality = 1e-05.
T = 9e+09

x [*] :=
 49679209 1   277568957 0   499473402 0   651094261 1   922047338 1
 98265967 0   319218019 0   510006212 0   711305262 0   944295284 0
127541639 0   337728718 1   531099887 1   746680427 0   960349752 0
142405635 1   387167129 1   532926506 1   788019383 1   960596011 1
150473482 1   423168224 0   566544520 0   820211577 0
225667895 1   424588297 1   581886493 0   838861402 1
232418894 0   447065835 0   607348274 0   894669450 1
243001066 1   498849348 0   620468026 0   919973590 1
;

---------------------------------------------------------
A70.dat runs

CPLEX 12.7.0.0: optimal (non-)integer solution; objective 0
20368 MIP simplex iterations
24098 branch-and-bound nodes
No basis.
1 integer variables rounded (maxerr = 5.2221e-06).
Assigning integrality = 3e-06 might help.
Currently integrality = 1e-05.
T = 1e+10

x [*] :=
 33380548 1   176627920 0   412658825 1   631342422 0   845963583 0
 66740743 0   206326014 0   556462978 1   684539942 1   860435593 0
 68655731 1   262381962 1   558784594 0   695119981 1   870737282 0
118146106 0   266608055 1   571633630 0   750958922 1   893013303 1
137033122 0   302886923 0   577725060 0   757759948 1   907818928 1
147694603 0   367295210 1   597193474 1   786081587 0   916187819 0
159456622 0   402608730 0   612926589 0   801803110 1   944373666 1
165233852 1   410085163 0   614301730 0   834737460 1   996523885 0
;

---------------------------------------------------------
A71.dat runs

CPLEX 12.7.0.0: optimal (non-)integer solution; objective 0
15883 MIP simplex iterations
17681 branch-and-bound nodes
No basis.
1 integer variables rounded (maxerr = 8.02376e-06).
Assigning integrality = 4e-06 might help.
Currently integrality = 1e-05.
T = 1.1e+10

x [*] :=
 14172003 1   227879881 0   413167652 0   643959167 0   793807520 0
 57463344 1   231535268 0   439076490 0   659200004 0   845193285 1
 65667170 1   249067377 1   485887520 0   666966583 1   866821805 1
 82895094 1   304269956 1   520651759 1   670152172 1   873389581 0
164511367 1   315584774 1   522917748 0   679971821 0   881346051 0
167969879 0   363503051 1   562460076 0   683818396 1   902583609 1
174006370 1   373365339 0   612533031 0   691447745 1   905763805 0
212855644 1   379316019 1   640000992 1   773790345 0   938778106 1
216751754 0   404043647 1   642721309 0   786231052 1
;

---------------------------------------------------------
A72.dat runs

CPLEX 12.7.0.0: optimal (non-)integer solution; objective 0
100283 MIP simplex iterations
70177 branch-and-bound nodes
No basis.
1 integer variables rounded (maxerr = 9.95988e-06).
Assigning integrality = 5e-06 might help.
Currently integrality = 1e-05.
T = 1.2e+10

x [*] :=
 15671484 0   210873058 0   438036727 0   566574182 1   798074256 1
 41676575 1   225236246 1   445181263 1   570991016 0   814146422 0
 51912673 1   270310302 1   450821866 0   581778218 1   830667475 1
 55851337 0   281847806 1   456032488 0   583081148 1   853213602 0
 57706855 0   337707527 1   472073425 0   596300328 1   932575213 0
116344986 0   338847146 1   480257252 0   648355355 0   934838666 0
156087694 1   350427541 0   512458098 0   708361152 1   944100180 0
171674316 1   385079385 0   547922396 1   761035020 1   955701832 1
185787083 0   419039755 0   549515388 1   785792068 1
189511620 1   429054062 1   562199179 0   796143620 1
;

---------------------------------------------------------
A73.dat runs

CPLEX 12.7.0.0: optimal (non-)integer solution; objective 0
25009 MIP simplex iterations
25635 branch-and-bound nodes
No basis.
1 integer variables rounded (maxerr = 7.22531e-07).
Assigning integrality = 4e-07 might help.
Currently integrality = 1e-05.
T = 1.3e+10

x [*] :=
  6060193 1   204885943 1   361455643 1   535804386 0   838012741 1
 19528002 0   209768317 1   379858830 1   550153441 1   903294404 0
 29200772 0   215674592 1   403960368 1   579077972 0   928585352 0
 42579077 0   225411375 0   417836462 1   602669176 0   942001278 0
 61666483 0   230878011 1   423629451 1   664331243 1   948061319 0
 85056415 1   275424995 1   429674651 0   706362485 1   961709689 1
116466390 1   283733743 1   438070027 1   775253605 0   975257016 0
139405319 1   311436114 0   439969919 0   781028643 1   986071514 1
157436819 1   320438325 1   508514590 0   819002215 1
175923221 1   326354875 0   508913109 1   825752843 0
180590494 1   330884336 1   526239654 0   826976546 1
;

---------------------------------------------------------
A74.dat runs

CPLEX 12.7.0.0: optimal (non-)integer solution; objective 0
30129 MIP simplex iterations
22768 branch-and-bound nodes
No basis.
1 integer variables rounded (maxerr = 5.05877e-06).
Assigning integrality = 3e-06 might help.
Currently integrality = 1e-05.
T = 1.4e+10

x [*] :=
 39337987 0   357372594 1   521426427 1   733501413 0   906751387 1
 55416418 1   367614730 0   551032383 1   751290895 0   920974613 0
 71552501 0   387994697 0   560400131 1   756252463 0   923043507 1
114091065 0   405698280 0   575514404 1   761703525 0   946224113 1
129546871 1   428936291 0   630116493 1   802329762 0   950019356 1
133192656 1   433527589 0   658636100 1   818517428 1   951285742 0
138130844 0   444334975 0   667971644 0   849085018 0   954136737 0
180433798 1   474390065 1   697191910 0   854744808 0   977525730 0
199863563 0   492695489 0   701381646 1   862932842 0
203686747 1   506225701 0   719497321 1   863305300 1
229075490 0   509452311 1   722580580 0   875597019 1
237698132 1   517342734 1   726090833 0   906374635 0
;

---------------------------------------------------------
A75.dat runs

CPLEX 12.7.0.0: optimal (non-)integer solution; objective 0
41710 MIP simplex iterations
44297 branch-and-bound nodes
No basis.
1 integer variables rounded (maxerr = 9.66988e-07).
Assigning integrality = 5e-07 might help.
Currently integrality = 1e-05.
T = 1.5e+10

x [*] :=
 25503562 1   162476718 0   302935822 0   544012447 0   779000882 0
 41683135 0   167653501 0   314496870 1   550309658 0   810065117 1
 49471759 1   174364635 1   337217361 0   576134821 1   825905567 1
 49511627 1   190349224 1   361217164 1   576929171 1   827094969 1
 50198563 1   190417192 1   390327992 0   604249702 0   829969548 1
 57015086 0   225335581 0   417419804 0   654553964 0   839256011 1
 59072398 1   242258833 1   428304251 1   675768384 0   853699510 1
 64622724 0   250724515 1   449527777 0   685904565 1   869847781 0
 86910734 1   257072406 1   459272757 1   716184923 1   888445701 0
110387807 1   285194242 0   464879554 1   733519405 1   902475146 0
133781996 0   297578495 1   480345067 1   735647626 1   927622928 0
154645597 1   297593741 1   518352854 0   749213507 0   995111119 1
;

---------------------------------------------------------
A76.dat runs

CPLEX 12.7.0.0: optimal (non-)integer solution; objective 0
84895 MIP simplex iterations
59530 branch-and-bound nodes
No basis.
1 integer variables rounded (maxerr = 7.71723e-06).
Assigning integrality = 4e-06 might help.
Currently integrality = 1e-05.
T = 1.6e+10

x [*] :=
 19461719 0    99979908 1   346287566 1   664670300 1   832667007 1
 24415060 1   169946059 1   392760126 1   664930726 0   840183726 0
 31960395 0   170910315 1   395368890 1   681570283 1   869942673 0
 45615283 1   217687437 1   413316077 0   709037425 0   880151726 0
 47167174 1   262499490 1   429313008 1   710186064 0   917337827 1
 57506298 0   274896474 1   454903961 0   729756599 1   938779962 0
 65632231 1   284597530 1   468030203 1   741910302 0   941211160 1
 68467056 1   297448983 1   481510539 0   746192972 0   949655119 0
 85628672 1   298445922 1   518222037 1   748989809 1   950123629 0
 86390070 0   303454917 1   522415079 1   783577236 1   957052138 0
 92770127 1   310964105 1   563117615 1   807514872 0   981242609 0
 95939476 1   323615249 1   607947118 1   812158561 0   999675546 0
 97763729 1   333652510 1   657270537 1   827990257 1
;

---------------------------------------------------------
A77.dat runs

CPLEX 12.7.0.0: optimal (non-)integer solution; objective 0
73039 MIP simplex iterations
48692 branch-and-bound nodes
No basis.
1 integer variables rounded (maxerr = 7.66342e-06).
Assigning integrality = 4e-06 might help.
Currently integrality = 1e-05.
T = 1.7e+10

x [*] :=
 13919259 0   157318313 1   285077816 1   543652665 1   787211068 0
 19534119 0   160897616 1   304376746 1   546783508 1   790911519 1
 20642678 1   170977448 0   336236853 1   562419768 1   797691622 1
 23741419 1   180463415 0   341211613 1   589789380 1   821719206 0
 39576795 1   186628803 0   341729989 0   592527655 1   825476863 1
 44946351 0   215009874 0   360202407 0   599221105 0   841811270 1
 47807344 0   228702118 0   369643491 1   654215451 0   889468937 1
 88590908 0   251060488 1   390246077 0   675398848 1   932712720 0
 88914518 1   255835157 0   401686300 0   696414475 0   935832507 1
106779439 0   256128512 1   457932370 0   702428179 0   948376182 0
107389664 0   257605989 1   471614506 0   703900303 1   964150913 0
124437238 1   269852097 1   472861842 0   730729764 1   967124973 1
145587531 1   275928913 0   526910970 1   746023075 1
149922744 0   276411003 0   535943790 1   765287487 1
;

---------------------------------------------------------
A78.dat runs

CPLEX 12.7.0.0: optimal (non-)integer solution; objective 0
90244 MIP simplex iterations
65853 branch-and-bound nodes
No basis.
1 integer variables rounded (maxerr = 6.77422e-07).
Assigning integrality = 3e-07 might help.
Currently integrality = 1e-05.
T = 1.8e+10

x [*] :=
 14743786 1   188105037 1   357234302 0   531255796 1   834044731 1
 15011788 0   234505819 0   366125580 0   533505347 1   841701605 0
 16628096 0   239563208 0   378667044 1   558731912 1   870245484 1
 16825533 1   239572492 1   411383189 1   572381193 1   911346093 1
 55671756 1   253160803 1   429762219 1   586461299 1   914077207 0
 83195673 1   259517712 0   440170857 1   586514513 1   916676108 1
 90062514 1   265746348 0   461469517 1   626037815 0   916880305 0
 95955450 1   280952703 1   465337378 0   637836557 1   921557065 0
104205382 0   285490671 1   474816056 1   641113267 0   934008812 1
116580768 1   290447495 1   482394569 1   645586315 0   939314996 0
121074202 0   293922549 1   491375279 0   722752862 0   959348867 1
139241503 1   304777102 1   495310050 1   724720732 0   983129663 0
143053346 1   310787651 1   506723296 0   736420834 0
159072009 0   314807471 1   513944842 0   790940861 1
159415946 1   350070311 0   525958112 1   831954106 0
;

---------------------------------------------------------
A79.dat runs

CPLEX 12.7.0.0: optimal (non-)integer solution; objective 0
62829 MIP simplex iterations
43022 branch-and-bound nodes
No basis.
1 integer variables rounded (maxerr = 9.05223e-07).
Assigning integrality = 5e-07 might help.
Currently integrality = 1e-05.
T = 1.9e+10

x [*] :=
 28175105 0   311691440 1   509410162 1   652832857 0   820513955 1
 28984694 0   313292866 1   537867203 1   653672687 1   824509147 0
 51795881 1   319920139 0   539780667 0   661479258 1   840438033 1
 74738342 1   322567695 0   541038116 0   666455406 0   844360251 0
 84507620 1   324817746 1   542240537 0   687391338 1   850032881 0
108613201 1   342045885 0   546732243 1   695394642 0   860264958 0
120988074 0   346799915 1   554559326 1   699220929 0   868777353 0
163024339 1   352836694 1   554746642 0   713272570 0   883936993 0
164248351 0   354376773 1   566704382 1   732308775 1   894757202 0
210708780 1   377842209 0   577348009 0   741065792 0   900854197 0
264532419 0   401194855 1   587424746 0   754689264 0   951296205 1
281293961 1   452836851 0   603206404 0   758685871 1   976782202 1
291209688 1   460687351 1   621088065 0   773878324 1
291902755 1   486092513 1   635712334 0   800547278 1
299102669 1   492971531 0   643212773 0   803583232 1
301475627 1   498201699 1   645750278 0   815785313 1
;

---------------------------------------------------------
A80.dat runs

CPLEX 12.7.0.0: optimal (non-)integer solution; objective 0
5789 MIP simplex iterations
4385 branch-and-bound nodes
No basis.
1 integer variables rounded (maxerr = 2.10922e-07).
Assigning integrality = 1e-07 might help.
Currently integrality = 1e-05.
T = 2e+10

x [*] :=
   239184 0   216604163 0   500211505 0   654036662 1   754404880 1
  5650062 0   220349176 0   503065020 0   659331514 0   776861282 0
  7866867 1   242009363 0   510633064 1   664876877 1   791532975 0
 26140395 0   255827831 0   516872445 0   668641521 1   809083572 1
 34800298 0   279834909 0   539783236 1   679908975 1   811690266 1
 35798877 0   319990489 0   544630883 0   682117945 0   823597337 0
 36048366 0   321580990 1   551758939 0   696274561 1   849075562 0
 39028542 0   355508299 1   569949003 0   700887119 1   879190297 0
 83867947 0   357123630 1   571424451 1   701812193 1   908598515 1
 85122916 0   386316769 0   583102543 0   719747289 0   909030428 1
 87827511 1   395215444 0   585222160 1   720291865 0   913020476 1
142232340 1   423569810 0   590891109 1   724544936 0   923085364 1
178063759 0   455857214 0   597694316 1   727336928 1   935395465 0
180607596 1   479889229 0   610137581 0   727664879 1   936404241 0
198753138 0   484827575 1   629975022 0   737358255 0   957888657 1
205665214 0   491164227 1   639224973 0   748771618 0   967370726 1
;

---------------------------------------------------------
A81.dat runs

CPLEX 12.7.0.0: optimal (non-)integer solution; objective 0
41917 MIP simplex iterations
34624 branch-and-bound nodes
No basis.
1 integer variables rounded (maxerr = 8.18259e-07).
Assigning integrality = 4e-07 might help.
Currently integrality = 1e-05.
T = 2.1e+10

x [*] :=
  2086353 0   312378552 0   497433298 0   627215827 0   822603306 0
 11774401 1   313991479 0   501974811 1   629939270 0   845990341 1
 53353934 1   339307188 1   516915511 0   637413950 0   856163879 1
 72700899 1   363699274 1   535969671 1   638926078 1   858135957 0
 73186422 0   365873708 0   539736112 1   641369528 1   863461207 0
 82312527 0   378260835 0   546307187 0   642413100 0   897183924 0
103629724 1   379628326 1   555854032 1   642908289 1   926222808 0
142659937 1   380978904 1   566798904 1   682071861 1   935278462 0
205837937 0   383741731 1   568646899 0   693952666 1   939302161 0
212881011 0   391058121 1   575973361 1   717629410 1   943171279 0
219317560 1   401561960 1   579117678 1   743000819 1   964614663 0
221270003 1   418050532 0   582333430 0   743652138 0   972492774 0
239019087 1   458661485 1   587837944 0   758845058 1   978097540 0
242915778 0   478381656 0   603976477 1   763395958 1   979445464 0
270760013 0   488000445 1   607986509 1   785594865 1   982611615 0
285882132 1   492419529 0   616631812 0   816659911 1   999138842 0
297595196 1   492591121 1   619672668 1   818562902 0
;

---------------------------------------------------------
A82.dat runs

CPLEX 12.7.0.0: optimal (non-)integer solution; objective 0
66468 MIP simplex iterations
55719 branch-and-bound nodes
No basis.
1 integer variables rounded (maxerr = 6.3724e-06).
Assigning integrality = 3e-06 might help.
Currently integrality = 1e-05.
T = 2.2e+10

x [*] :=
  8860206 1   213130207 0   427436829 1   612032613 1   746510730 0
 22857591 1   243912340 1   427830570 0   613603382 0   754228101 0
 28011222 1   249848248 0   462055417 1   614667246 1   797303873 0
 62094314 1   252124521 0   465049969 0   621333680 0   801851099 1
 64705079 1   259033293 1   474092402 1   626604355 0   807330979 0
100877253 0   295215772 0   474906958 0   627899595 1   808172519 0
106007855 1   296906095 0   492540358 1   631897249 0   819605779 0
126217945 1   297709775 0   497869139 1   646039354 1   847858094 0
136255036 1   306735915 0   523917997 1   648616273 0   907073456 1
145178456 0   309230501 0   531931775 1   654389778 0   911225939 1
148545402 1   321676861 1   537731921 0   664053285 0   913504398 0
151198110 1   350426011 1   538391170 1   682189508 0   927391382 1
167316351 1   358664044 1   568824052 1   685401153 0   961997712 1
191831198 0   358820400 1   569465157 1   687559012 0   964218088 1
199282543 1   362232764 0   574698469 0   710803874 0   969731179 1
201231425 0   384179001 1   578106632 0   717718681 1   975173358 1
209069220 1   388236698 0   599195339 1   729791904 0
211273525 1   418195183 1   607015856 1   733640801 1
;

---------------------------------------------------------
A83.dat runs

CPLEX 12.7.0.0: optimal (non-)integer solution; objective 0
16988 MIP simplex iterations
16769 branch-and-bound nodes
No basis.
1 integer variables rounded (maxerr = 2.44498e-08).
Assigning integrality = 1e-08 might help.
Currently integrality = 1e-05.
T = 2.3e+10

x [*] :=
  7307759 1   188467027 0   370271372 1   588618459 1   826790136 0
  9697316 1   198873352 1   384252501 0   597655587 1   833718872 0
 45288433 1   208625425 0   390904892 1   602013452 0   840743861 0
 59861294 0   218503872 0   400584803 0   616017691 1   841990483 0
 60921731 1   224142370 0   427048018 1   684510019 1   915235256 0
 69316376 0   225612033 0   430830376 0   715285243 0   933076226 0
 69748645 1   235108301 0   436839191 1   724057792 1   934125904 1
107511265 1   251364026 1   472055224 0   725384134 0   936654251 1
116707060 0   256182427 1   472149881 1   732312377 1   941561257 1
138038320 1   276629632 1   496423814 0   735947356 0   943318512 1
145988064 1   288944750 1   499703614 1   736202267 0   954255699 0
146243975 1   293103209 1   508787446 1   740400173 1   976067096 0
156991253 1   310124969 1   511501358 1   757792825 1   984946072 1
161803163 1   321235053 1   517790942 1   764291627 0   986120770 1
170546390 1   337214308 1   521230536 0   775396245 0   991313716 0
172767442 0   345052109 0   528733829 1   786481529 0   994837463 0
180976173 1   346379309 1   562270647 1   797997265 0
184149809 0   347791066 1   567772943 0   799841968 1
188056936 0   357186239 1   585330835 0   819974308 1
;

---------------------------------------------------------
A84.dat runs

CPLEX 12.7.0.0: optimal (non-)integer solution; objective 0
19530 MIP simplex iterations
19615 branch-and-bound nodes
No basis.
1 integer variables rounded (maxerr = 8.10776e-06).
Assigning integrality = 4e-06 might help.
Currently integrality = 1e-05.
T = 2.4e+10

x [*] :=
 36104819 1   244728288 0   456673840 1   670384244 0   871682752 1
 37956258 1   247089682 1   470538111 0   690443253 0   898986038 0
 45302292 1   297532794 1   471285277 1   697133663 0   901401957 1
 53010192 1   299976002 0   477319294 0   725812515 1   927121167 1
 59740451 1   324341960 0   487529582 1   726461051 1   934976372 1
 73712666 1   325164900 1   490391567 0   732849479 0   943380829 1
 82108391 1   326613087 1   508695408 1   733951877 1   950086867 0
100568552 1   329975516 0   511170106 0   736175787 0   950798128 1
106274130 1   332536484 1   512639926 1   754193812 0   955553017 0
106364083 1   338281371 1   518381553 0   757636291 0   963398401 1
112456679 1   342957837 0   557137829 1   760479151 1   969084278 0
115501879 1   348080141 0   561517929 0   762630551 0   971293159 0
120253508 1   353606549 1   562895661 0   766612566 0   977736616 1
134049157 1   354975786 1   569358611 0   782346551 0   986501508 0
141499738 1   373294329 0   572233786 1   799415058 1   989177563 0
142729570 1   375352435 1   581633129 0   804906070 1   991480084 0
180898127 0   407426863 1   590573118 0   809357296 1
187653319 1   431576254 1   596234494 0   822803532 1
214775388 1   443803888 1   605653363 0   822980157 0
225628437 1   450479789 1   663090965 0   823428889 0
;

---------------------------------------------------------
A85.dat runs

CPLEX 12.7.0.0: optimal (non-)integer solution; objective 0
1585 MIP simplex iterations
1532 branch-and-bound nodes
No basis.
1 integer variables rounded (maxerr = 5.36116e-06).
Assigning integrality = 3e-06 might help.
Currently integrality = 1e-05.
T = 2.5e+10

x [*] :=
 25773007 1   301735072 1   462947752 0   688460902 1   835438579 1
 43117217 1   302347357 1   479000855 0   693789196 0   845485155 1
 56658602 1   306147649 1   482476121 1   702650619 0   860058175 0
 59577726 0   312106617 1   492965305 1   727708810 1   865080087 0
 69929286 1   314473679 1   501027905 0   730242121 1   870358175 0
128605661 0   315811217 0   514336831 1   733560862 1   872356231 0
131952645 0   321771011 0   522009824 0   734893327 0   872751434 0
162651809 1   332283349 0   540919659 0   742225477 0   879950611 0
168418058 1   333042298 0   541770903 0   742679343 1   885228083 0
201331463 0   334546859 0   568553723 1   749460671 1   887299340 0
205483701 1   339425022 0   576851168 1   750749924 0   891040169 1
212811239 0   340218314 0   579083236 1   763669336 1   901183042 0
221500377 0   344051619 0   594247531 0   767666645 0   911478496 1
226941704 0   375684575 1   595950495 0   777664247 1   936365688 1
237887181 1   424919252 1   616246963 0   788176932 0   972541250 0
246712413 1   433911864 1   617827430 1   809053932 0   974514085 1
269751983 1   440406455 0   619414813 0   810005182 0   977196540 0
277876681 1   442421206 1   667599055 0   816834251 1   979622265 0
283288498 1   445781947 0   670084155 0   834941007 1   985725457 1
301472240 1   459165963 0   670830052 1   835352059 0   989036440 1
;

---------------------------------------------------------
A86.dat runs

CPLEX 12.7.0.0: optimal integer solution; objective 182
0 MIP simplex iterations
0 branch-and-bound nodes
No basis.
T = 1000

x [*] :=
680  0
718  0
808  0
818  1
;

---------------------------------------------------------
A87.dat runs

CPLEX 12.7.0.0: optimal integer solution; objective 2
4 MIP simplex iterations
0 branch-and-bound nodes
No basis.
T = 2000

x [*] :=
 96  0
324  0
494  1
532  1
792  0
860  0
972  1
990  0
;

---------------------------------------------------------
A88.dat runs

CPLEX 12.7.0.0: optimal integer solution; objective 0
13 MIP simplex iterations
0 branch-and-bound nodes
No basis.
T = 3000

x [*] :=
  4  1
 14  0
 88  1
140  1
142  1
184  1
258  1
388  1
394  1
408  0
456  1
946  1
;

---------------------------------------------------------
A89.dat runs

CPLEX 12.7.0.0: optimal integer solution; objective 0
8 MIP simplex iterations
0 branch-and-bound nodes
No basis.
T = 4000

x [*] :=
  2  0
 92  1
292  1
296  1
328  1
370  1
414  0
428  1
480  0
522  0
530  0
672  0
716  1
718  0
732  1
746  1
;

---------------------------------------------------------
A90.dat runs

CPLEX 12.7.0.0: optimal integer solution; objective 0
8 MIP simplex iterations
0 branch-and-bound nodes
No basis.
T = 5000

x [*] :=
 78  1
 86  0
216  0
228  1
236  0
268  1
284  0
294  1
440  0
538  0
634  1
642  0
720  0
744  0
760  1
820  1
832  0
930  0
938  1
980  1
;

---------------------------------------------------------
A91.dat runs

CPLEX 12.7.0.0: optimal integer solution; objective 0
94 MIP simplex iterations
44 branch-and-bound nodes
No basis.
T = 6000

x [*] :=
 22 0   190 0   244 1   354 1   408 0   550 1   690 1   832 0
 96 0   194 1   278 1   384 1   432 1   652 0   806 0   860 0
130 1   200 1   324 0   398 1   446 1   662 0   808 1   892 1
;

---------------------------------------------------------
A92.dat runs

CPLEX 12.7.0.0: optimal integer solution; objective 0
9 MIP simplex iterations
0 branch-and-bound nodes
No basis.
T = 7000

x [*] :=
  6 1   114 1   220 0   246 0   278 1   488 1   618 0   704 1   882 0   998 0
 76 1   126 0   230 1   254 0   334 1   534 0   662 1   758 0   884 1
108 0   128 0   234 0   268 1   478 1   564 0   682 1   866 1   930 1
;

---------------------------------------------------------
A93.dat runs

CPLEX 12.7.0.0: optimal integer solution; objective 0
71 MIP simplex iterations
25 branch-and-bound nodes
No basis.
T = 8000

x [*] :=
 50 1   174 0   320 0   482 0   632 1   708 0   790 0   848 1
 90 1   208 1   408 1   486 0   636 1   718 1   808 1   870 0
 98 0   260 1   410 1   560 0   638 0   744 0   816 0   874 0
126 0   286 0   448 1   626 0   702 0   762 1   840 1   882 1
;

---------------------------------------------------------
A94.dat runs

CPLEX 12.7.0.0: optimal integer solution; objective 0
0 MIP simplex iterations
0 branch-and-bound nodes
No basis.
T = 9000

x [*] :=
 28 0    90 1   188 1   412 1   488 0   570 0   614 1   748 0   812 1
 44 0   146 1   232 1   428 1   518 1   576 1   644 0   764 1   836 1
 56 0   156 1   334 0   436 0   554 0   596 0   660 1   778 1   910 0
 66 0   172 0   388 1   448 0   564 0   608 1   730 0   794 1   976 0
;

---------------------------------------------------------
A95.dat runs

CPLEX 12.7.0.0: optimal integer solution; objective 0
0 MIP simplex iterations
0 branch-and-bound nodes
No basis.
T = 10000

x [*] :=
 48 0   116 1   190 1   364 1   474 1   560 1   640 1   732 0   752 0   840 0
 54 0   122 1   252 1   384 1   488 1   592 1   676 1   736 0   774 0   886 1
 90 0   142 1   300 1   398 1   520 1   628 1   684 0   738 0   780 0   976 0
112 1   148 1   326 1   462 1   534 1   632 0   686 1   746 0   832 0   980 0
;

---------------------------------------------------------
A96.dat runs

CPLEX 12.7.0.0: optimal integer solution; objective 0
0 MIP simplex iterations
0 branch-and-bound nodes
No basis.
T = 11000

x [*] :=
 30 0   250 1   350 0   460 1   600 1   678 1   742 0   772 0   906 0
 98 0   268 0   352 1   502 0   616 1   682 1   752 0   804 1   924 1
164 1   270 0   372 0   532 0   638 0   694 1   754 0   844 0   964 1
182 1   298 0   420 1   580 1   642 0   696 0   758 0   846 0   980 1
220 1   326 0   456 0   594 0   664 1   740 0   766 1   900 0
;

---------------------------------------------------------
A97.dat runs

CPLEX 12.7.0.0: optimal integer solution; objective 0
0 MIP simplex iterations
0 branch-and-bound nodes
No basis.
T = 12000

x [*] :=
  8 0    58 1    98 0   184 0   282 0   474 0   520 1   624 1   836 0   954 1
 28 0    62 1   130 1   190 1   296 0   484 0   546 1   728 0   854 1   960 1
 46 1    68 1   140 0   234 0   312 1   506 0   570 0   750 1   910 1   982 0
 50 1    82 1   146 0   246 0   376 1   512 1   608 0   762 1   912 1
 56 0    90 1   156 1   264 1   412 1   514 0   614 1   786 1   950 0
;

---------------------------------------------------------
A98.dat runs

CPLEX 12.7.0.0: optimal integer solution; objective 0
0 MIP simplex iterations
0 branch-and-bound nodes
No basis.
T = 13000

x [*] :=
 10 1   120 1   170 1   286 0   380 1   504 1   554 0   784 0   954 0
 42 1   124 1   190 1   288 1   386 1   508 0   600 1   786 0   960 0
 52 1   140 1   206 1   292 1   392 0   512 1   604 1   836 1   984 0
 90 1   144 1   224 1   302 1   402 1   538 0   642 1   852 1   986 0
100 1   152 1   240 1   306 0   412 1   542 0   706 1   912 1
108 1   164 1   264 0   308 0   418 1   552 0   736 1   940 1
;

---------------------------------------------------------
A99.dat runs

CPLEX 12.7.0.0: optimal integer solution; objective 0
10 MIP simplex iterations
0 branch-and-bound nodes
No basis.
T = 14000

x [*] :=
  10 0    162 0    312 0    374 0    534 0    732 0    826 1    958 0
  54 0    166 0    332 0    400 1    558 1    734 1    846 0    966 1
  56 1    184 0    352 1    404 1    606 0    736 0    850 1    968 1
 102 1    266 1    354 1    466 0    624 1    746 0    864 0    976 1
 108 0    272 1    360 0    510 0    674 1    774 0    878 0    982 1
 122 0    292 1    362 0    524 0    690 0    782 1    886 0    988 0
 140 0    308 1    366 1    526 0    698 0    808 0    888 1   1000 1
;

---------------------------------------------------------
A100.dat runs

CPLEX 12.7.0.0: optimal integer solution; objective 0
0 MIP simplex iterations
0 branch-and-bound nodes
No basis.
T = 15000

x [*] :=
 10 1    58 1   168 0   290 1   388 1   524 0   664 1   718 0   770 1   838 0
 14 1    62 1   184 0   350 1   448 0   534 0   670 1   720 1   778 1   896 0
 18 1    72 1   198 0   354 1   482 1   572 0   682 1   724 0   790 0   898 0
 32 0   106 0   218 1   364 1   486 0   588 1   698 1   730 1   800 1   906 1
 34 0   122 1   230 1   368 0   488 0   600 1   712 1   748 0   816 1   922 0
 40 1   132 1   274 0   380 1   516 1   606 0   716 0   766 1   824 0   994 0
;

---------------------------------------------------------
A101.dat runs

CPLEX 12.7.0.0: optimal integer solution; objective 0
0 MIP simplex iterations
0 branch-and-bound nodes
No basis.
T = 16000

x [*] :=
  38 1    162 1    242 1    376 0    488 1    568 1    702 1    846 0
  42 0    172 1    282 1    410 0    500 0    592 0    732 0    852 1
  58 0    178 1    294 1    426 0    506 1    632 0    742 1    858 1
 102 0    180 0    304 0    430 1    508 0    640 0    756 1    870 0
 114 1    182 1    320 0    436 0    528 0    644 0    786 1    924 1
 116 0    186 0    334 1    442 0    532 1    646 1    804 0    974 1
 140 1    194 1    356 0    454 0    550 0    656 0    820 1    982 0
 160 0    224 1    368 0    476 1    560 1    690 0    824 1   1000 1
;

---------------------------------------------------------
A102.dat runs

CPLEX 12.7.0.0: optimal integer solution; objective 0
13 MIP simplex iterations
0 branch-and-bound nodes
No basis.
T = 17000

x [*] :=
  8 0    82 0   154 1   216 1   306 1   454 1   546 1   644 0   808 1   938 1
 26 0    84 1   160 0   240 0   314 0   476 0   552 0   648 0   818 0   940 1
 30 1   114 1   172 0   250 0   336 1   478 1   562 1   670 1   864 0   948 1
 34 1   116 1   178 1   258 1   384 1   494 1   568 1   676 1   886 1   982 0
 56 1   142 1   200 1   262 1   422 0   518 0   586 0   684 0   902 0   984 0
 58 0   144 0   204 1   270 1   426 1   528 0   632 1   686 1   926 1
 72 1   150 0   208 1   274 1   452 0   534 1   636 0   762 0   930 1
;

---------------------------------------------------------
A103.dat runs

CPLEX 12.7.0.0: optimal integer solution; objective 0
0 MIP simplex iterations
0 branch-and-bound nodes
No basis.
T = 18000

x [*] :=
 16 0   128 0   218 1   302 0   402 1   542 0   668 1   738 1   894 0
 44 1   148 0   228 0   304 1   422 0   546 0   680 1   778 0   898 1
 52 0   156 0   244 1   310 1   442 1   554 0   694 0   786 0   908 1
 74 0   164 1   256 0   320 1   448 0   558 1   696 1   798 1   940 1
 86 0   178 0   260 0   336 1   452 0   570 1   718 0   834 0   960 0
 88 1   192 0   268 1   358 1   454 1   576 1   726 0   842 0   972 1
 94 0   194 0   278 1   366 1   490 1   586 1   732 1   852 1   988 0
104 0   196 1   288 1   390 1   496 0   626 0   734 0   868 1   992 0
;

---------------------------------------------------------
A104.dat runs

CPLEX 12.7.0.0: optimal integer solution; objective 0
0 MIP simplex iterations
0 branch-and-bound nodes
No basis.
T = 19000

x [*] :=
 42 0   120 1   156 1   206 1   340 0   434 0   594 1   714 0   830 1   974 1
 56 1   128 0   160 0   214 0   348 1   444 1   618 1   716 1   864 1   978 1
 74 1   130 0   164 1   216 0   364 0   456 0   624 1   738 1   904 0   984 1
 88 1   132 1   170 0   246 1   366 1   460 0   634 0   758 1   928 0   988 1
104 1   136 1   174 0   250 1   370 1   504 0   640 0   778 0   936 1
106 1   148 1   176 0   274 1   384 0   526 0   684 1   790 0   938 0
112 0   150 1   182 0   296 1   410 1   540 0   686 0   812 0   956 0
116 0   152 0   192 0   318 0   414 0   576 1   706 1   820 1   968 1
;

---------------------------------------------------------
A105.dat runs

CPLEX 12.7.0.0: optimal integer solution; objective 0
0 MIP simplex iterations
0 branch-and-bound nodes
No basis.
T = 20000

x [*] :=
 18 1   120 1   242 0   318 1   468 0   548 1   618 1   710 0   836 0   926 1
 58 1   126 1   252 1   348 1   470 0   558 0   632 0   716 0   844 0   942 0
 60 1   174 1   260 1   364 1   476 1   562 0   638 0   750 1   860 0   950 0
 64 1   178 1   266 1   392 1   490 1   580 1   654 0   760 1   864 0   954 1
 98 1   180 1   282 1   404 1   498 1   586 0   656 0   800 1   878 1   958 0
108 1   196 0   292 1   412 1   502 1   588 0   666 1   808 1   892 1   986 0
112 1   206 1   296 1   438 1   506 1   600 1   688 0   818 0   906 0   992 0
114 1   240 0   302 1   442 0   508 1   614 0   690 0   826 0   908 0   998 1
;

---------------------------------------------------------
A106.dat runs

CPLEX 12.7.0.0: optimal integer solution; objective 0
0 MIP simplex iterations
0 branch-and-bound nodes
No basis.
T = 21000

x [*] :=
 10 0   100 0   206 1   288 1   426 1   522 1   636 1   722 0   886 0   982 0
 12 1   110 1   210 1   320 1   436 1   524 0   640 0   748 1   892 1   990 0
 16 0   118 1   216 1   328 0   468 0   538 0   650 0   772 1   894 1   996 0
 24 0   122 1   220 1   330 0   472 1   542 0   652 0   794 1   906 1
 30 0   128 1   236 1   336 1   484 1   546 0   656 1   836 0   916 1
 32 1   162 1   246 1   340 1   486 1   552 1   694 0   838 0   936 0
 72 1   192 1   264 0   348 1   504 0   568 1   698 0   854 1   940 0
 74 1   194 1   266 1   358 1   506 0   576 1   702 0   866 0   954 1
 80 0   200 1   268 0   362 1   512 1   612 1   718 0   874 0   964 1
;

---------------------------------------------------------
A107.dat runs

CPLEX 12.7.0.0: optimal integer solution; objective 0
0 MIP simplex iterations
0 branch-and-bound nodes
No basis.
T = 22000

x [*] :=
  4 0   122 0   178 1   284 1   432 0   502 1   562 1   636 1   752 1   878 1
 16 0   128 1   200 1   292 0   434 0   510 1   578 1   646 0   772 0   902 1
 18 1   130 0   202 1   296 1   450 0   512 1   584 0   652 1   778 0   952 1
 32 1   132 1   216 0   300 0   456 0   514 0   586 0   668 1   792 1   954 0
 50 0   134 0   222 1   348 1   464 1   518 1   588 0   672 0   800 1   958 0
 62 0   146 0   240 1   350 0   476 1   522 1   594 1   692 0   820 1   986 0
 68 0   148 1   252 0   368 1   482 0   524 1   598 0   694 1   836 0   996 1
 82 0   168 0   264 0   388 0   486 0   546 0   602 1   710 0   864 1
104 1   174 1   266 1   408 0   500 0   552 1   612 1   726 1   874 0
;

---------------------------------------------------------
A108.dat runs

CPLEX 12.7.0.0: optimal integer solution; objective 0
0 MIP simplex iterations
0 branch-and-bound nodes
No basis.
T = 23000

x [*] :=
  16 1    136 1    312 1    404 0    554 0    692 0    806 0    902 0    974 0
  34 0    146 0    328 1    412 1    564 1    698 0    842 1    906 1    984 1
  46 1    148 0    348 1    426 0    576 0    702 0    846 0    908 0    990 1
  60 1    156 1    354 0    434 0    582 0    704 1    850 0    912 0   1000 1
  68 1    172 0    356 0    440 0    624 0    730 0    852 1    928 0
  84 0    202 1    360 1    442 0    640 1    744 1    854 1    936 0
  86 0    208 1    370 0    456 1    644 1    750 1    856 0    944 0
  90 1    244 0    376 1    472 1    654 1    756 0    860 1    958 0
 106 1    252 0    380 1    520 0    662 0    758 0    874 0    966 1
 116 1    304 0    394 0    546 0    668 1    796 1    894 0    968 1
 122 1    310 1    402 1    548 1    686 1    802 0    898 1    970 0
;

---------------------------------------------------------
A109.dat runs

CPLEX 12.7.0.0: optimal integer solution; objective 0
0 MIP simplex iterations
0 branch-and-bound nodes
No basis.
T = 24000

x [*] :=
   4 1    134 1    228 0    304 1    434 0    512 0    706 0    774 1    928 1
  10 0    142 1    230 0    332 0    436 0    514 0    710 0    782 1    936 0
  16 1    146 1    238 1    334 0    438 0    518 0    712 0    832 1    946 0
  18 0    148 1    252 0    348 1    444 1    526 1    714 0    836 1    954 0
  24 0    150 1    254 0    352 1    458 0    540 1    722 0    838 1    958 0
  74 1    154 1    256 0    364 1    460 0    572 1    728 0    840 1    972 1
  90 1    162 1    262 1    378 1    468 0    598 1    746 1    844 1    986 1
  92 1    164 1    266 0    402 1    472 0    626 1    754 0    850 1   1000 1
 104 0    166 1    268 0    418 0    478 1    640 1    756 0    856 1
 122 1    182 1    282 1    420 0    488 0    686 1    758 0    896 1
 128 1    212 1    302 0    432 0    492 0    694 1    760 0    926 0
;

---------------------------------------------------------
A110.dat runs

CPLEX 12.7.0.0: optimal integer solution; objective 0
0 MIP simplex iterations
0 branch-and-bound nodes
No basis.
T = 25000

x [*] :=
 26 1   110 1   226 1   310 1   422 0   496 0   582 0   686 1   756 0   864 0
 46 1   122 1   236 1   314 1   426 1   500 1   586 1   690 0   770 0   876 0
 70 1   124 0   244 1   318 0   452 1   516 0   590 1   698 1   784 0   882 1
 76 1   146 0   282 1   336 1   454 1   522 1   614 0   710 1   798 0   890 0
 82 1   158 1   286 0   344 1   462 1   526 1   616 0   712 0   814 0   904 1
 84 1   160 1   294 0   352 0   468 1   542 0   618 0   720 0   822 1   922 1
 86 1   168 0   296 0   366 1   470 0   550 1   632 1   722 1   830 1   924 1
 96 0   170 0   300 0   368 1   478 1   556 0   648 1   732 0   838 0   964 0
 98 0   172 1   302 0   372 0   484 1   566 1   672 1   744 0   848 0   976 0
104 1   190 1   304 1   386 1   494 1   576 1   678 0   752 1   860 1   986 0
;

